1.000000000 0.000000000 0.000000000 -0.000000000 0.000000000 1.000000000 0.000000000 -0.000000000 0.000000000 0.000000000 1.000000000 -0.000000000
1.000000000 0.000000000 0.000000000 -0.000000000 0.000000000 1.000000000 0.000000000 -0.000000000 0.000000000 0.000000000 1.000000000 -0.000000000
1.000000000 0.000000000 0.000000000 -0.000000000 0.000000000 1.000000000 0.000000000 -0.000000000 0.000000000 0.000000000 1.000000000 -0.000000000
1.000000000 0.000000000 0.000000000 -0.000000000 0.000000000 1.000000000 0.000000000 -0.000000000 0.000000000 0.000000000 1.000000000 -0.000000000
1.000000000 0.000000000 0.000000000 -0.000000000 0.000000000 1.000000000 0.000000000 -0.000000000 0.000000000 0.000000000 1.000000000 -0.000000000
1.000000000 0.000000000 0.000000000 -0.000000000 0.000000000 1.000000000 0.000000000 -0.000000000 0.000000000 0.000000000 1.000000000 -0.000000000
1.000000000 0.000000000 0.000000000 -0.000000000 0.000000000 1.000000000 0.000000000 -0.000000000 0.000000000 0.000000000 1.000000000 -0.000000000
1.000000000 0.000000000 0.000000000 -0.000000000 0.000000000 1.000000000 0.000000000 -0.000000000 0.000000000 0.000000000 1.000000000 -0.000000000
1.000000000 0.000000000 0.000000000 -0.000000000 0.000000000 1.000000000 0.000000000 -0.000000000 0.000000000 0.000000000 1.000000000 -0.000000000
1.000000000 0.000000000 0.000000000 -0.000000000 0.000000000 1.000000000 0.000000000 -0.000000000 0.000000000 0.000000000 1.000000000 -0.000000000
1.000000000 0.000000000 0.000000000 -0.000000000 0.000000000 1.000000000 0.000000000 -0.000000000 0.000000000 0.000000000 1.000000000 -0.000000000
1.000000000 0.000000000 0.000000000 -0.000000000 0.000000000 1.000000000 0.000000000 -0.000000000 0.000000000 0.000000000 1.000000000 -0.000000000
1.000000000 0.000000000 0.000000000 -0.000000000 0.000000000 1.000000000 0.000000000 -0.000000000 0.000000000 0.000000000 1.000000000 -0.000000000
1.000000000 0.000000000 0.000000000 -0.000000000 0.000000000 1.000000000 0.000000000 -0.000000000 0.000000000 0.000000000 1.000000000 -0.000000000
1.000000000 0.000000000 0.000000000 -0.000000000 0.000000000 1.000000000 0.000000000 -0.000000000 0.000000000 0.000000000 1.000000000 -0.000000000
1.000000000 0.000000000 0.000000000 -0.000000000 0.000000000 1.000000000 0.000000000 -0.000000000 0.000000000 0.000000000 1.000000000 -0.000000000
1.000000000 0.000000000 0.000000000 -0.000000000 0.000000000 1.000000000 0.000000000 -0.000000000 0.000000000 0.000000000 1.000000000 -0.000000000
1.000000000 0.000000000 0.000000000 -0.000000000 0.000000000 1.000000000 0.000000000 -0.000000000 0.000000000 0.000000000 1.000000000 -0.000000000
1.000000000 0.000000000 0.000000000 -0.000000000 0.000000000 1.000000000 0.000000000 -0.000000000 0.000000000 0.000000000 1.000000000 -0.000000000
1.000000000 0.000000000 0.000000000 -0.000000000 0.000000000 1.000000000 0.000000000 -0.000000000 0.000000000 0.000000000 1.000000000 -0.000000000
1.000000000 0.000000000 0.000000000 -0.000000000 0.000000000 1.000000000 0.000000000 -0.000000000 0.000000000 0.000000000 1.000000000 -0.000000000
1.000000000 0.000000000 0.000000000 -0.000000000 0.000000000 1.000000000 0.000000000 -0.000000000 0.000000000 0.000000000 1.000000000 -0.000000000
1.000000000 0.000000000 0.000000000 -0.000000000 0.000000000 1.000000000 0.000000000 -0.000000000 0.000000000 0.000000000 1.000000000 -0.000000000
0.999799874 -0.001195492 -0.019970210 0.001802343 0.001176642 0.999998835 -0.000955625 0.001225350 0.019971329 0.000931936 0.999800092 0.029045535
0.999823275 -0.001168496 -0.018763152 0.001925271 0.001148818 0.999998750 -0.001059467 0.001310888 0.018764368 0.001037724 0.999823399 0.031126125
0.999846959 -0.000235748 -0.017491922 0.001444631 0.000204889 0.999998449 -0.001765985 0.001500868 0.017492310 0.001762131 0.999845445 0.032290725
0.999856642 0.000079241 -0.016933394 0.001755281 -0.000119343 0.999997183 -0.002367244 0.001854521 0.016933158 0.002368925 0.999853845 0.033881619
0.999862518 -0.000061763 -0.016582149 0.001897750 0.000025099 0.999997553 -0.002211257 0.001774248 0.016582246 0.002210537 0.999860075 0.035731662
0.999881536 0.000318575 -0.015387755 0.001375241 -0.000351791 0.999997612 -0.002155971 0.001584070 0.015387032 0.002161129 0.999879254 0.037115849
0.999883773 0.000641367 -0.015230612 0.001106952 -0.000678805 0.999996741 -0.002453025 0.001903257 0.015228989 0.002463078 0.999881027 0.040017831
0.999883464 0.001088032 -0.015229088 0.001263599 -0.001136494 0.999994297 -0.003173909 0.002208536 0.015225549 0.003190846 0.999878984 0.042606652
0.999899254 0.000646012 -0.014179208 -0.000083274 -0.000681273 0.999996713 -0.002482066 0.001874769 0.014177558 0.002491476 0.999896372 0.045071354
0.999907123 -0.000229813 -0.013628605 -0.000106959 0.000216943 0.999999535 -0.000945875 0.000836533 0.013628816 0.000942831 0.999906699 0.046067403
0.999913915 0.000455832 -0.013112545 -0.000062115 -0.000474434 0.999998904 -0.001415551 0.000920691 0.013111885 0.001421650 0.999913013 0.047492556
0.999922925 0.000597532 -0.012403261 -0.000680540 -0.000616620 0.999998634 -0.001535225 0.001003811 0.012402327 0.001542755 0.999921878 0.048194379
0.999921167 0.000270467 -0.012554307 -0.000619260 -0.000288075 0.999998968 -0.001400729 0.000866333 0.012553916 0.001404235 0.999920232 0.049076256
0.999927761 0.000168332 -0.012018593 -0.000800566 -0.000191872 0.999998039 -0.001957527 0.001271907 0.012018240 0.001959691 0.999925864 0.050419055
0.999922396 0.000183942 -0.012454312 -0.000277230 -0.000202108 0.999998908 -0.001457400 0.000754931 0.012454030 0.001459805 0.999921378 0.051704841
0.999932868 0.000348926 -0.011581037 -0.000958221 -0.000368928 0.999998438 -0.001725025 0.000856135 0.011580416 0.001729182 0.999931445 0.053165185
0.999927439 -0.000190635 -0.012046476 -0.000224708 0.000181014 0.999999685 -0.000799706 0.000301173 0.012046625 0.000797467 0.999927134 0.055267135
0.999940168 0.000411371 -0.010931687 -0.000812658 -0.000425816 0.999999033 -0.001319013 0.000576030 0.010931134 0.001323589 0.999939373 0.057136074
0.999941101 0.000289330 -0.010849040 -0.000601072 -0.000301454 0.999999319 -0.001115931 0.000533600 0.010848711 0.001119136 0.999940535 0.058532346
0.999941927 0.000155822 -0.010777753 -0.000405423 -0.000162870 0.999999785 -0.000653065 0.000224888 0.010777649 0.000654782 0.999941703 0.060994912
0.999948881 0.000590331 -0.010094987 -0.000845429 -0.000600635 0.999999319 -0.001017628 0.000402978 0.010094379 0.001023640 0.999948551 0.064323873
0.999954816 0.000643729 -0.009484087 -0.001198080 -0.000648534 0.999999683 -0.000503526 -0.000022036 0.009483759 0.000509654 0.999954917 0.064652018
0.999952601 0.000552952 -0.009719896 -0.001014602 -0.000565538 0.999999024 -0.001292102 0.000474565 0.009719172 0.001297537 0.999951953 0.065501463
0.999956485 0.000266855 -0.009324893 -0.000953128 -0.000279439 0.999999058 -0.001348271 0.000407385 0.009324525 0.001350818 0.999955632 0.066946289
0.999960472 0.000429599 -0.008883685 -0.001049172 -0.000444656 0.999998486 -0.001693007 0.000600970 0.008882943 0.001696890 0.999959101 0.069180967
0.999968518 0.000617974 -0.007913880 -0.001540810 -0.000629670 0.999998738 -0.001475559 0.000496591 0.007912957 0.001480496 0.999967617 0.069700741
0.999964703 -0.000057285 -0.008404646 -0.001025216 0.000050396 0.999999683 -0.000819906 0.000083979 0.008404690 0.000819454 0.999964332 0.071548574
0.999974758 0.000638368 -0.007078596 -0.001613743 -0.000649068 0.999998672 -0.001509327 0.000428438 0.007077623 0.001513883 0.999973781 0.074497009
0.999980016 0.000759390 -0.006279637 -0.001888879 -0.000767923 0.999998762 -0.001356468 0.000496713 0.006278599 0.001361263 0.999979349 0.076623354
0.999981516 0.000489557 -0.006059794 -0.001981685 -0.000500665 0.999998182 -0.001831806 0.000643941 0.006058886 0.001834806 0.999979950 0.077500029
0.999980458 0.000953869 -0.006179137 -0.001871343 -0.000963926 0.999998219 -0.001624744 0.000581352 0.006177576 0.001630669 0.999979563 0.080278407
0.999980433 0.000805196 -0.006207147 -0.001861937 -0.000815298 0.999998363 -0.001625054 0.000615824 0.006205828 0.001630083 0.999979394 0.080392949
0.999981219 0.000769153 -0.006079840 -0.001730031 -0.000780440 0.999997979 -0.001854409 0.000691939 0.006078401 0.001859119 0.999979802 0.082624589
0.999982597 0.000975346 -0.005818595 -0.001856595 -0.000983435 0.999998538 -0.001387542 0.000437723 0.005817233 0.001393240 0.999982100 0.084107052
0.999981649 0.000832138 -0.006001338 -0.001677251 -0.000838684 0.999999066 -0.001088403 0.000385812 0.006000427 0.001093416 0.999981396 0.085310707
0.999978326 0.000984829 -0.006506908 -0.001469430 -0.000992031 0.999998871 -0.001103700 0.000246047 0.006505814 0.001110131 0.999978197 0.084554397
0.999978890 0.000550862 -0.006473534 -0.001467763 -0.000559432 0.999998953 -0.001322024 0.000232826 0.006472799 0.001325618 0.999978160 0.085709728
0.999979386 0.001115744 -0.006323947 -0.001499222 -0.001127996 0.999997490 -0.001934183 0.000576209 0.006321773 0.001941276 0.999978141 0.087657038
0.999979538 0.000720765 -0.006359685 -0.001459679 -0.000728442 0.999999031 -0.001204928 0.000342550 0.006358809 0.001209536 0.999979023 0.088676024
0.999978749 0.000627415 -0.006486590 -0.001197181 -0.000637556 0.999998586 -0.001561431 0.000531789 0.006485601 0.001565534 0.999977718 0.089924831
0.999981677 0.000509099 -0.006035008 -0.001464784 -0.000516818 0.999999054 -0.001277564 0.000366496 0.006034352 0.001280659 0.999980960 0.091868623
0.999984083 0.000240099 -0.005642065 -0.001611690 -0.000246893 0.999999265 -0.001203529 0.000359727 0.005641772 0.001204903 0.999983348 0.093649400
0.999985344 0.000613146 -0.005379861 -0.001667592 -0.000619265 0.999999161 -0.001135797 0.000153826 0.005379160 0.001139111 0.999984906 0.095316887
0.999984203 0.001108421 -0.005515729 -0.001610077 -0.001118393 0.999997756 -0.001805071 0.000462609 0.005513715 0.001811211 0.999983186 0.097855081
0.999981061 0.000673551 -0.006113904 -0.001415704 -0.000683442 0.999998472 -0.001615744 0.000406968 0.006112806 0.001619892 0.999979977 0.099926132
0.999983953 0.000710860 -0.005619207 -0.001504865 -0.000719785 0.999998455 -0.001586491 0.000366347 0.005618071 0.001590510 0.999982954 0.102469187
0.999984916 0.000185249 -0.005489034 -0.001407202 -0.000193173 0.999998953 -0.001442997 0.000399791 0.005488761 0.001444035 0.999983881 0.105393144
0.999985934 0.000426148 -0.005281223 -0.001503501 -0.000435750 0.999998237 -0.001817063 0.000442854 0.005280439 0.001819338 0.999984423 0.106248773
0.999989175 0.000911051 -0.004558893 -0.001760388 -0.000919067 0.999998036 -0.001756667 0.000431115 0.004557284 0.001760838 0.999988051 0.108044463
0.999985995 0.000525437 -0.005266481 -0.001610579 -0.000532741 0.999998869 -0.001385512 0.000355789 0.005265747 0.001388299 0.999985186 0.109279732
0.999987157 0.000154976 -0.005062964 -0.001681811 -0.000162772 0.999998796 -0.001539358 0.000325825 0.005062720 0.001540162 0.999986004 0.111798194
0.999985775 0.000166424 -0.005333133 -0.001544003 -0.000171444 0.999999562 -0.000940901 0.000211367 0.005332974 0.000941802 0.999985335 0.113856260
0.999981432 -0.000218950 -0.006087403 -0.001195462 0.000207914 0.999998337 -0.001813566 0.000462483 0.006087790 0.001812266 0.999979800 0.116250822
0.999985681 0.000149259 -0.005353631 -0.001374047 -0.000157379 0.999998809 -0.001516281 0.000331377 0.005353399 0.001517101 0.999984536 0.118834006
0.999986711 0.000041661 -0.005155498 -0.001536541 -0.000047438 0.999999398 -0.001120380 0.000156485 0.005155449 0.001120609 0.999986053 0.121474331
0.999985794 0.000180022 -0.005325355 -0.001495200 -0.000187336 0.999999033 -0.001373098 0.000229839 0.005325102 0.001374076 0.999984895 0.124002290
0.999985269 -0.000134504 -0.005425421 -0.001516418 0.000128169 0.999999334 -0.001168063 0.000166825 0.005425575 0.001167351 0.999984578 0.125415599
0.999985011 0.000124700 -0.005471161 -0.001537597 -0.000130122 0.999999479 -0.000990655 0.000142698 0.005471034 0.000991352 0.999984522 0.127380668
0.999984090 -0.000249498 -0.005630468 -0.001456577 0.000241606 0.999998988 -0.001402326 0.000251964 0.005630812 0.001400943 0.999983140 0.130145209
0.999985231 -0.000090359 -0.005435262 -0.001503320 0.000084580 0.999999458 -0.001063435 0.000214066 0.005435355 0.001062960 0.999984645 0.133122635
0.999983777 -0.000675189 -0.005655038 -0.001421965 0.000670331 0.999999406 -0.000860927 0.000170211 0.005655616 0.000857122 0.999983611 0.136098256
0.999986219 -0.000242602 -0.005243191 -0.001597729 0.000237143 0.999999455 -0.001041714 0.000208595 0.005243441 0.001040457 0.999985729 0.140955384
0.999986049 -0.000393408 -0.005272821 -0.001558220 0.000390074 0.999999745 -0.000633344 0.000144913 0.005273069 0.000631278 0.999985922 0.144161276
0.999988027 -0.000269857 -0.004880710 -0.001698414 0.000262481 0.999998838 -0.001511745 0.000314943 0.004881112 0.001510446 0.999986947 0.148854540
0.999987906 -0.000170026 -0.004909702 -0.001712857 0.000164865 0.999999463 -0.001051557 0.000170408 0.004909878 0.001050735 0.999987365 0.152237731
0.999988347 -0.000225873 -0.004819252 -0.001816033 0.000222171 0.999999658 -0.000768657 0.000032915 0.004819424 0.000767577 0.999988105 0.156584988
0.999987984 0.000034289 -0.004898470 -0.001793994 -0.000037656 0.999999765 -0.000687322 0.000021401 0.004898445 0.000687498 0.999987751 0.161347397
0.999984984 -0.000207451 -0.005476618 -0.001807391 0.000202462 0.999999545 -0.000911464 0.000020868 0.005476805 0.000910341 0.999984613 0.166222874
0.999985312 0.000045757 -0.005422929 -0.001738809 -0.000053952 0.999998846 -0.001511164 0.000164308 0.005422854 0.001511434 0.999984163 0.171002579
0.999987911 -0.000539391 -0.004888557 -0.001798905 0.000531688 0.999998601 -0.001577024 0.000145015 0.004889401 0.001574406 0.999986787 0.174163195
0.999990567 -0.000420701 -0.004328225 -0.001971543 0.000412985 0.999998318 -0.001783437 0.000156092 0.004328968 0.001781632 0.999989053 0.177460114
0.999989687 -0.000195368 -0.004543769 -0.001993246 0.000189375 0.999999118 -0.001319139 0.000021268 0.004544023 0.001318265 0.999988820 0.179982818
0.999989067 -0.000584486 -0.004643072 -0.001867019 0.000576204 0.999998270 -0.001784951 0.000133044 0.004644107 0.001782256 0.999987653 0.183361825
0.999988632 -0.000512805 -0.004736036 -0.001851301 0.000505395 0.999998665 -0.001565541 0.000121212 0.004736832 0.001563130 0.999987576 0.186353775
0.999989032 -0.000102814 -0.004682330 -0.001974055 0.000098391 0.999999575 -0.000944665 -0.000057284 0.004682425 0.000944194 0.999988568 0.190754858
0.999992467 0.000294154 -0.003875114 -0.002091810 -0.000299729 0.999998915 -0.001438139 0.000065169 0.003874687 0.001439290 0.999991439 0.193032439
0.999993154 0.000228197 -0.003694335 -0.002099412 -0.000233951 0.999998773 -0.001556928 0.000108528 0.003693975 0.001557781 0.999991974 0.196146410
0.999992940 0.000462078 -0.003733580 -0.002065526 -0.000468535 0.999998401 -0.001728830 0.000084183 0.003732775 0.001730567 0.999991535 0.198648379
0.999995239 0.000264013 -0.003075732 -0.002208968 -0.000269669 0.999998275 -0.001838718 0.000039550 0.003075241 0.001839539 0.999993596 0.202824854
0.999992426 -0.000317003 -0.003878617 -0.002000797 0.000311641 0.999999003 -0.001383074 -0.000034048 0.003879051 0.001381855 0.999991507 0.204185710
0.999993589 0.000242899 -0.003576247 -0.002015724 -0.000247675 0.999999050 -0.001335043 -0.000021020 0.003575920 0.001335920 0.999992700 0.206784431
0.999993604 -0.000841309 -0.003482161 -0.002085463 0.000837101 0.999998909 -0.001209592 0.000003423 0.003483174 0.001206669 0.999993206 0.211043405
0.999991876 -0.000507920 -0.003996479 -0.001946034 0.000503340 0.999999206 -0.001146848 -0.000009332 0.003997058 0.001144827 0.999991355 0.214770480
0.999994762 -0.000473279 -0.003193653 -0.002054727 0.000467906 0.999998499 -0.001682938 0.000014218 0.003194445 0.001681435 0.999993465 0.218402184
0.999995196 -0.000190141 -0.003088044 -0.002194805 0.000186728 0.999999399 -0.001105512 -0.000113629 0.003088253 0.001104930 0.999994606 0.220179945
0.999996023 0.000183902 -0.002806530 -0.002252619 -0.000185129 0.999999894 -0.000437051 -0.000146252 0.002806449 0.000437569 0.999995985 0.222443580
0.999993239 -0.001016874 -0.003530185 -0.002117480 0.001011703 0.999998437 -0.001466036 0.000132242 0.003531670 0.001462455 0.999992720 0.226479468
0.999994622 -0.000759988 -0.003188259 -0.002137593 0.000758118 0.999999556 -0.000587877 -0.000107868 0.003188704 0.000585457 0.999994735 0.229246185
0.999995484 -0.000388803 -0.002972458 -0.002160623 0.000385628 0.999999365 -0.001068601 -0.000017408 0.002972871 0.001067450 0.999995029 0.233394193
0.999994355 -0.000787476 -0.003269071 -0.002174865 0.000785124 0.999999461 -0.000720440 -0.000122148 0.003269636 0.000717870 0.999994397 0.236498891
0.999996679 -0.000202123 -0.002560863 -0.002389950 0.000200921 0.999999858 -0.000469586 -0.000217485 0.002560958 0.000469070 0.999996619 0.240701456
0.999995000 -0.000515947 -0.003111452 -0.002064516 0.000514216 0.999999723 -0.000556985 -0.000128888 0.003111739 0.000555382 0.999995015 0.243118819
0.999996726 0.000020428 -0.002559594 -0.002300078 -0.000021808 0.999999828 -0.000539183 -0.000121147 0.002559583 0.000539237 0.999996555 0.246821907
0.999995687 -0.000580322 -0.002875310 -0.002283759 0.000578148 0.999999570 -0.000757004 -0.000096036 0.002875748 0.000755338 0.999995570 0.249855644
0.999996059 -0.000583873 -0.002755573 -0.002190194 0.000581004 0.999999292 -0.001041932 -0.000030438 0.002756180 0.001040326 0.999995672 0.253563775
0.999994672 -0.000135319 -0.003257924 -0.002175125 0.000134344 0.999999952 -0.000299219 -0.000112709 0.003257965 0.000298780 0.999994661 0.256354846
0.999993697 -0.000332144 -0.003528625 -0.002139416 0.000333250 0.999999910 0.000312628 -0.000195332 0.003528520 -0.000313802 0.999993710 0.260155629
0.999996632 -0.000422441 -0.002566507 -0.002496600 0.000421326 0.999999812 -0.000435016 -0.000136885 0.002566690 0.000433933 0.999996621 0.263015598
0.999995993 -0.000391741 -0.002801304 -0.002290498 0.000388735 0.999999352 -0.001073500 0.000019147 0.002801723 0.001072407 0.999995471 0.266957564
0.999994753 -0.001264415 -0.002982201 -0.002163180 0.001262431 0.999998975 -0.000666997 -0.000107257 0.002983042 0.000663229 0.999995311 0.271451607
0.999992055 -0.001444391 -0.003712967 -0.002014357 0.001443531 0.999998934 -0.000234452 -0.000141519 0.003713302 0.000229091 0.999993073 0.275233501
0.999994562 -0.001403704 -0.002991799 -0.002223834 0.001401220 0.999998655 -0.000832296 0.000009847 0.002992963 0.000828099 0.999995184 0.278270516
0.999995035 -0.000691131 -0.003071526 -0.002260292 0.000689514 0.999999604 -0.000527388 -0.000133490 0.003071889 0.000525268 0.999995116 0.282342327
0.999993446 -0.000973067 -0.003479087 -0.002128396 0.000972059 0.999999507 -0.000291589 -0.000241096 0.003479369 0.000288205 0.999993891 0.285179327
0.999993290 -0.000987596 -0.003531277 -0.002041337 0.000986501 0.999999466 -0.000311909 -0.000230279 0.003531584 0.000308423 0.999993691 0.289415404
0.999993693 -0.001183945 -0.003341245 -0.002192251 0.001183254 0.999999272 -0.000208949 -0.000175151 0.003341490 0.000204994 0.999994395 0.291930553
0.999992889 -0.001184871 -0.003586052 -0.002090086 0.001182317 0.999999046 -0.000714297 -0.000059301 0.003586895 0.000710052 0.999993306 0.296040964
0.999994222 -0.001195102 -0.003173551 -0.002224472 0.001194409 0.999999240 -0.000220006 -0.000161397 0.003173812 0.000216214 0.999994947 0.301188473
0.999995147 -0.001242425 -0.002852591 -0.002243167 0.001242062 0.999999216 -0.000128948 -0.000235534 0.002852748 0.000125404 0.999995899 0.305139892
0.999991872 -0.002220838 -0.003370733 -0.002230854 0.002218454 0.999997315 -0.000710997 -0.000019743 0.003372303 0.000703514 0.999994093 0.309316697
0.999993642 -0.001430480 -0.003269528 -0.002294902 0.001427161 0.999998478 -0.001017136 -0.000009799 0.003270978 0.001012464 0.999994117 0.313906712
0.999990880 -0.001679198 -0.003926800 -0.001936516 0.001678183 0.999998546 -0.000261648 -0.000090106 0.003927234 0.000255056 0.999992260 0.319336804
0.999992967 -0.001096177 -0.003578389 -0.002062121 0.001094129 0.999999248 -0.000574337 -0.000061142 0.003579016 0.000570418 0.999993422 0.323356818
0.999986670 -0.002219546 -0.004664263 -0.001833079 0.002215252 0.999997097 -0.000925644 0.000013005 0.004666304 0.000915299 0.999988713 0.327241894
0.999990626 -0.001127331 -0.004178606 -0.002074688 0.001124970 0.999999188 -0.000567272 -0.000116656 0.004179242 0.000562566 0.999991098 0.331220168
0.999988772 -0.002089537 -0.004257632 -0.001982543 0.002087595 0.999997695 -0.000460415 -0.000191849 0.004258584 0.000451522 0.999990840 0.334949463
0.999990382 -0.001831755 -0.003982318 -0.002001457 0.001827941 0.999997880 -0.000961196 -0.000017553 0.003984070 0.000953908 0.999991621 0.339279344
0.999984302 -0.002682050 -0.004917308 -0.001863820 0.002678210 0.999996082 -0.000787375 -0.000055056 0.004919401 0.000774193 0.999987598 0.342643278
0.999985014 -0.002702811 -0.004758296 -0.001953196 0.002697048 0.999995596 -0.001217150 0.000056300 0.004761565 0.001204299 0.999987917 0.347279780
0.999989703 -0.001980010 -0.004085102 -0.001997326 0.001974549 0.999997166 -0.001340305 0.000065717 0.004087744 0.001332224 0.999990754 0.351872243
0.999985595 -0.002492861 -0.004749257 -0.001859364 0.002483947 0.999995116 -0.001882011 0.000193458 0.004753925 0.001870187 0.999986956 0.356417269
0.999989921 -0.001693388 -0.004157415 -0.002158481 0.001685690 0.999996878 -0.001854464 0.000041937 0.004160542 0.001847437 0.999989648 0.360301044
0.999989499 -0.001877618 -0.004186318 -0.002213137 0.001872085 0.999997362 -0.001325105 -0.000029095 0.004188795 0.001317254 0.999990375 0.364937665
0.999991984 -0.001283012 -0.003789085 -0.002235865 0.001278933 0.999998572 -0.001078629 -0.000113689 0.003790464 0.001073774 0.999992228 0.368430984
0.999991671 -0.001877184 -0.003618021 -0.002246039 0.001871359 0.999996937 -0.001612590 -0.000110130 0.003621037 0.001605805 0.999992177 0.373135533
0.999987973 -0.002908832 -0.003942893 -0.002196315 0.002900719 0.999993653 -0.002061823 0.000016551 0.003948866 0.002050361 0.999990097 0.378786216
0.999989363 -0.002474692 -0.003888691 -0.002322525 0.002469378 0.999996017 -0.001370717 -0.000073638 0.003892067 0.001361099 0.999991523 0.383549966
0.999992316 -0.002566099 -0.002954449 -0.002460651 0.002561506 0.999995483 -0.001557438 -0.000196562 0.002958432 0.001549858 0.999994448 0.389329642
0.999990670 -0.002598148 -0.003446495 -0.002423537 0.002593094 0.999995584 -0.001470270 -0.000169323 0.003450299 0.001461320 0.999992993 0.394370301
0.999990744 -0.003005992 -0.003075417 -0.002445552 0.002999389 0.999993178 -0.002149468 -0.000100536 0.003081858 0.002140224 0.999992955 0.398506088
0.999992511 -0.002249987 -0.003152213 -0.002525374 0.002245256 0.999996334 -0.001503523 -0.000238270 0.003155585 0.001496434 0.999993883 0.403034094
0.999989527 -0.002985611 -0.003471259 -0.002469816 0.002979635 0.999994045 -0.001725471 -0.000302038 0.003476390 0.001715109 0.999992483 0.409096358
0.999993582 -0.001729960 -0.003131019 -0.002564492 0.001721646 0.999994989 -0.002655919 -0.000109376 0.003135598 0.002650512 0.999991547 0.413596882
0.999992804 -0.002246821 -0.003049691 -0.002809497 0.002241867 0.999996143 -0.001626592 -0.000247069 0.003053334 0.001619743 0.999994014 0.419518677
0.999993418 -0.001696560 -0.003212513 -0.002800306 0.001690390 0.999996726 -0.001922227 -0.000398149 0.003215763 0.001916784 0.999993018 0.423914477
0.999988844 -0.002985756 -0.003658917 -0.002716076 0.002977468 0.999993022 -0.002268555 -0.000358363 0.003665665 0.002257636 0.999990705 0.427872774
0.999993455 -0.002473804 -0.002630955 -0.003013411 0.002468601 0.999994996 -0.001979089 -0.000378862 0.002635838 0.001972582 0.999994585 0.432619201
0.999991615 -0.002105485 -0.003515183 -0.002722345 0.002097690 0.999995321 -0.002219785 -0.000206902 0.003519840 0.002212393 0.999991359 0.438106672
0.999982294 -0.003568948 -0.004761438 -0.002457102 0.003554788 0.999989218 -0.002978920 -0.000157117 0.004772019 0.002961942 0.999984250 0.442998157
0.999991153 -0.002663234 -0.003251989 -0.002840458 0.002656999 0.999994618 -0.001920023 -0.000391100 0.003257085 0.001911365 0.999992891 0.446037290
0.999990204 -0.003008951 -0.003243036 -0.002757173 0.003003723 0.999994209 -0.001615505 -0.000425152 0.003247878 0.001605748 0.999993429 0.449862984
0.999986340 -0.003206337 -0.004126559 -0.002528323 0.003198233 0.999992928 -0.001969003 -0.000467261 0.004132843 0.001955779 0.999989525 0.457536882
0.999988121 -0.003011335 -0.003830427 -0.002515021 0.003002655 0.999992925 -0.002269772 -0.000257726 0.003837235 0.002258244 0.999990070 0.458514105
0.999984571 -0.003548374 -0.004267984 -0.002593259 0.003538553 0.999991099 -0.002306625 -0.000272779 0.004276131 0.002291487 0.999988206 0.463201374
0.999986729 -0.003234272 -0.004012759 -0.002548737 0.003226007 0.999992662 -0.002064628 -0.000248588 0.004019407 0.002051655 0.999989827 0.469626731
0.999991022 -0.002701968 -0.003258534 -0.002759396 0.002695413 0.999994339 -0.002014478 -0.000321553 0.003263959 0.002005677 0.999992655 0.474737029
0.999994381 -0.001592395 -0.002947296 -0.003106638 0.001586952 0.999997047 -0.001847977 -0.000326775 0.002950230 0.001843290 0.999993978 0.480256005
0.999986972 -0.002374073 -0.004515015 -0.002629789 0.002364691 0.999995020 -0.002082066 -0.000266775 0.004519936 0.002071362 0.999987618 0.485497503
0.999994170 -0.001593423 -0.003021974 -0.002955245 0.001587127 0.999996592 -0.002084760 -0.000354495 0.003025285 0.002079952 0.999993257 0.491945884
0.999996792 -0.001699289 -0.001881352 -0.003241400 0.001695386 0.999996399 -0.002074313 -0.000418057 0.001884870 0.002071116 0.999996092 0.496803369
0.999992482 -0.002477725 -0.002991465 -0.002998904 0.002471462 0.999994746 -0.002095557 -0.000461752 0.002996642 0.002088147 0.999993335 0.501627352
0.999994504 -0.001752517 -0.002822764 -0.002995560 0.001747876 0.999997098 -0.001645602 -0.000554351 0.002825640 0.001640659 0.999994688 0.506698396
0.999992397 -0.002120848 -0.003267203 -0.002790870 0.002116685 0.999996928 -0.001277209 -0.000658298 0.003269902 0.001270283 0.999993833 0.511900284
0.999990713 -0.002070426 -0.003781410 -0.002662333 0.002062798 0.999995837 -0.002019839 -0.000569011 0.003785577 0.002012020 0.999990800 0.517003801
0.999992612 -0.002391286 -0.003000218 -0.002886134 0.002385092 0.999995047 -0.002066552 -0.000460403 0.003005145 0.002059381 0.999993344 0.520553204
0.999991676 -0.002215826 -0.003429149 -0.002798418 0.002209729 0.999995999 -0.001780865 -0.000518039 0.003433082 0.001773273 0.999992520 0.525817409
0.999994498 -0.002426815 -0.002270727 -0.003251044 0.002422519 0.999995258 -0.001892654 -0.000487926 0.002275310 0.001887143 0.999995613 0.531827419
0.999993813 -0.001874855 -0.002978369 -0.003061863 0.001869735 0.999996761 -0.001720954 -0.000454458 0.002981586 0.001715374 0.999994068 0.537530488
0.999992005 -0.001756090 -0.003591338 -0.003062008 0.001749282 0.999996675 -0.001898146 -0.000420789 0.003594659 0.001891849 0.999991725 0.544399991
0.999991998 -0.002108245 -0.003406448 -0.003265643 0.002101954 0.999996096 -0.001849363 -0.000441407 0.003410334 0.001842188 0.999992486 0.549471253
0.999990071 -0.002147951 -0.003907558 -0.003129923 0.002139286 0.999995263 -0.002220166 -0.000352020 0.003912308 0.002211785 0.999989875 0.555628037
0.999991545 -0.001021506 -0.003984355 -0.003185628 0.001014090 0.999997766 -0.001862866 -0.000504288 0.003986248 0.001858810 0.999990311 0.561007093
0.999990640 -0.001723485 -0.003975796 -0.003166743 0.001716810 0.999997085 -0.001681728 -0.000554734 0.003978683 0.001674887 0.999990663 0.565123098
0.999991828 -0.001135121 -0.003879325 -0.003168344 0.001129163 0.999998208 -0.001537817 -0.000614333 0.003881064 0.001533424 0.999991288 0.570084105
0.999988579 -0.001834531 -0.004409113 -0.003073821 0.001825223 0.999996073 -0.002114186 -0.000478232 0.004412975 0.002106115 0.999988070 0.576439948
0.999988474 -0.001491496 -0.004567756 -0.003060905 0.001482616 0.999996991 -0.001946955 -0.000534765 0.004570646 0.001940160 0.999987683 0.581775271
0.999990978 -0.001206221 -0.004070345 -0.003244011 0.001198283 0.999997376 -0.001951981 -0.000659256 0.004072689 0.001947086 0.999989814 0.588842903
0.999991986 -0.000763788 -0.003926540 -0.003329388 0.000757373 0.999998362 -0.001635218 -0.000758805 0.003927783 0.001632231 0.999990968 0.594097922
0.999981114 -0.003083145 -0.005311755 -0.002973679 0.003067567 0.999990957 -0.002938243 -0.000483355 0.005320766 0.002921893 0.999981569 0.601538244
0.999981626 -0.002654231 -0.005448614 -0.003025734 0.002641404 0.999993712 -0.002359866 -0.000624371 0.005454844 0.002345431 0.999982386 0.606848140
0.999977969 -0.002826589 -0.006007847 -0.002719513 0.002806845 0.999990641 -0.003292247 -0.000414361 0.006017097 0.003275311 0.999976551 0.610587929
0.999979542 -0.002824746 -0.005737819 -0.002834749 0.002809365 0.999992457 -0.002686996 -0.000513268 0.005745366 0.002670822 0.999979944 0.616111374
0.999980719 -0.001845806 -0.005926695 -0.002950860 0.001830759 0.999995068 -0.002543224 -0.000563800 0.005931360 0.002532325 0.999979208 0.620876623
0.999980063 -0.002076240 -0.005966039 -0.003020921 0.002059552 0.999993927 -0.002802006 -0.000532974 0.005971821 0.002789662 0.999978251 0.626356695
0.999980886 -0.001894679 -0.005881928 -0.002970544 0.001878460 0.999994447 -0.002761795 -0.000422131 0.005887128 0.002750694 0.999978875 0.631176516
0.999981198 -0.002016165 -0.005794135 -0.003085257 0.002002679 0.999995258 -0.002332367 -0.000600256 0.005798810 0.002320719 0.999980478 0.636618720
0.999983979 -0.001876404 -0.005341635 -0.003134884 0.001861993 0.999994598 -0.002701692 -0.000453953 0.005346676 0.002691703 0.999982108 0.640564340
0.999981505 -0.001808015 -0.005805478 -0.003233182 0.001790828 0.999994026 -0.002964249 -0.000450522 0.005810802 0.002953798 0.999978728 0.646036307
0.999982589 -0.001771314 -0.005628292 -0.003144181 0.001755597 0.999994523 -0.002796290 -0.000584405 0.005633215 0.002786360 0.999980232 0.649878013
0.999979295 -0.001827087 -0.006173212 -0.003066177 0.001809770 0.999994434 -0.002809552 -0.000595215 0.006178311 0.002798322 0.999977005 0.655540313
0.999981390 -0.001766812 -0.005843319 -0.003219749 0.001749859 0.999994221 -0.002905058 -0.000575664 0.005848419 0.002894779 0.999978695 0.659359019
0.999983549 -0.000970542 -0.005658575 -0.003455427 0.000953050 0.999994769 -0.003093160 -0.000558020 0.005661547 0.003087716 0.999979214 0.664934102
0.999984292 -0.001229210 -0.005471050 -0.003433405 0.001213244 0.999995006 -0.002920478 -0.000602456 0.005474613 0.002913795 0.999980790 0.670046792
0.999983324 -0.000845915 -0.005708734 -0.003513879 0.000827489 0.999994430 -0.003229286 -0.000536773 0.005711434 0.003224509 0.999978499 0.675690609
0.999976932 -0.002123596 -0.006451691 -0.003223574 0.002104357 0.999993323 -0.002987329 -0.000595266 0.006457991 0.002973683 0.999974723 0.680587698
0.999977285 -0.001750554 -0.006508411 -0.003297533 0.001729155 0.999993086 -0.003292074 -0.000518034 0.006514129 0.003280745 0.999973386 0.686140259
0.999985235 -0.001345997 -0.005266449 -0.003437498 0.001333518 0.999996289 -0.002372325 -0.000767086 0.005269623 0.002365267 0.999983326 0.689338849
0.999983821 -0.000862359 -0.005620279 -0.003458000 0.000847554 0.999996147 -0.002636137 -0.000706342 0.005622531 0.002631331 0.999980715 0.695091975
0.999979433 -0.000981303 -0.006342454 -0.003393353 0.000959734 0.999993758 -0.003402901 -0.000530077 0.006345754 0.003396744 0.999974121 0.698970420
0.999978039 -0.001082479 -0.006536287 -0.003393072 0.001058622 0.999992752 -0.003652325 -0.000538810 0.006540194 0.003645325 0.999971951 0.704662209
0.999985768 -0.000117184 -0.005329562 -0.003866569 0.000104317 0.999997080 -0.002414547 -0.000770471 0.005329830 0.002413957 0.999982872 0.709171628
0.999981014 0.000279262 -0.006158076 -0.003734212 -0.000296850 0.999995872 -0.002855354 -0.000770914 0.006157254 0.002857128 0.999976992 0.714470015
0.999985711 -0.000271178 -0.005340414 -0.003850747 0.000258018 0.999996958 -0.002464787 -0.000869237 0.005341066 0.002463374 0.999982690 0.719794737
0.999978802 -0.000972944 -0.006435137 -0.003757501 0.000955467 0.999995870 -0.002718404 -0.000885865 0.006437755 0.002712198 0.999975577 0.725604516
0.999983934 -0.001044899 -0.005568482 -0.003912090 0.001029817 0.999995824 -0.002710682 -0.000947574 0.005571291 0.002704904 0.999980837 0.730470695
0.999984976 -0.000296108 -0.005473262 -0.004036456 0.000280527 0.999995927 -0.002847343 -0.000899228 0.005474082 0.002845766 0.999980950 0.736215964
0.999983865 -0.000180974 -0.005674050 -0.004080174 0.000169237 0.999997837 -0.002068917 -0.001089175 0.005674412 0.002067923 0.999981763 0.740472577
0.999983598 -0.000743990 -0.005683267 -0.004090596 0.000729425 0.999996468 -0.002564469 -0.000972815 0.005685155 0.002560281 0.999980555 0.746258878
0.999984591 0.000719735 -0.005507102 -0.004203658 -0.000729925 0.999998017 -0.001848588 -0.001244484 0.005505760 0.001852580 0.999983122 0.753724832
0.999983276 -0.000227689 -0.005775887 -0.004261966 0.000210357 0.999995478 -0.003001269 -0.001076045 0.005776544 0.003000004 0.999978791 0.759665936
0.999991224 0.001020696 -0.004068852 -0.004743233 -0.001028265 0.999997754 -0.001858375 -0.001224664 0.004066946 0.001862542 0.999990004 0.764476327
0.999989970 0.000363898 -0.004468906 -0.004819043 -0.000374306 0.999997240 -0.002328374 -0.001144508 0.004468046 0.002330024 0.999987303 0.770436232
0.999987232 0.001650227 -0.004774973 -0.004740100 -0.001657997 0.999997296 -0.001623810 -0.001275579 0.004772280 0.001631707 0.999987259 0.775553030
0.999983878 0.001150672 -0.005557997 -0.004576204 -0.001165585 0.999995747 -0.002680739 -0.001123088 0.005554888 0.002687175 0.999980936 0.781307996
0.999986576 0.001575554 -0.004940868 -0.004820209 -0.001585714 0.999996609 -0.002052970 -0.001236471 0.004937617 0.002060778 0.999985678 0.786862593
0.999979695 0.001330666 -0.006228915 -0.004573442 -0.001345679 0.999996211 -0.002406756 -0.001169375 0.006225689 0.002415089 0.999977700 0.792632060
0.999983289 0.001050896 -0.005688158 -0.004904247 -0.001063201 0.999997122 -0.002160666 -0.001180748 0.005685871 0.002166677 0.999981513 0.798208977
0.999982176 0.000951250 -0.005899205 -0.005050319 -0.000965512 0.999996632 -0.002415293 -0.001197474 0.005896888 0.002420945 0.999979691 0.804131975
0.999979757 0.001686477 -0.006132276 -0.004916557 -0.001703930 0.999994503 -0.002841974 -0.001054547 0.006127449 0.002852365 0.999977146 0.809100793
0.999980628 0.001402763 -0.006069187 -0.005091389 -0.001417087 0.999996194 -0.002356425 -0.001160125 0.006065858 0.002364980 0.999978831 0.815165693
0.999978463 0.002310543 -0.006141248 -0.005147238 -0.002322382 0.999995445 -0.001921353 -0.001260901 0.006136780 0.001935574 0.999979276 0.820079958
0.999977305 0.002725262 -0.006162553 -0.005266102 -0.002736111 0.999994747 -0.001752673 -0.001200799 0.006157744 0.001769494 0.999979455 0.826478096
0.999967267 0.001907725 -0.007862272 -0.004940215 -0.001928996 0.999994479 -0.002698795 -0.001085520 0.007857080 0.002713873 0.999965471 0.834491861
0.999970376 0.002264480 -0.007356542 -0.005139070 -0.002281314 0.999994779 -0.002280752 -0.001192912 0.007351338 0.002297467 0.999970362 0.840632839
0.999966878 0.001298513 -0.008032136 -0.005154833 -0.001320849 0.999995257 -0.002776221 -0.001213564 0.008028494 0.002786738 0.999963896 0.843611661
0.999967996 0.002044887 -0.007734900 -0.005496769 -0.002065652 0.999994286 -0.002677544 -0.001209003 0.007729381 0.002693436 0.999966499 0.849687570
0.999966589 0.001789072 -0.007977936 -0.005313498 -0.001813366 0.999993735 -0.003038972 -0.001127603 0.007972449 0.003053337 0.999963534 0.857163074
0.999957330 0.001195366 -0.009157326 -0.005239777 -0.001231088 0.999991648 -0.003896279 -0.000827996 0.009152592 0.003907386 0.999950491 0.863337654
0.999957469 0.000681089 -0.009195820 -0.005412156 -0.000706377 0.999995949 -0.002746973 -0.001127429 0.009193913 0.002753352 0.999953963 0.867127260
0.999950192 0.001787445 -0.009817354 -0.005378099 -0.001821206 0.999992481 -0.003431084 -0.001109982 0.009811147 0.003448793 0.999945906 0.873030491
0.999942708 0.001347868 -0.010618462 -0.005302020 -0.001382001 0.999993879 -0.003207875 -0.001028514 0.010614073 0.003222366 0.999938466 0.880115889
0.999945831 0.002388890 -0.010128182 -0.005600553 -0.002422232 0.999991713 -0.003280976 -0.001073092 0.010120259 0.003305331 0.999943336 0.885932135
0.999942123 0.002699438 -0.010417422 -0.005640618 -0.002733827 0.999990833 -0.003288222 -0.001052317 0.010408450 0.003316511 0.999940326 0.894019188
0.999933366 0.002269754 -0.011318834 -0.005552008 -0.002311005 0.999990761 -0.003632668 -0.001019132 0.011310484 0.003658583 0.999929314 0.900497714
0.999938108 0.002009673 -0.010941631 -0.005974846 -0.002050096 0.999991103 -0.003684379 -0.001036520 0.010934129 0.003706582 0.999933340 0.904996688
0.999929651 0.001695367 -0.011741519 -0.005848570 -0.001741723 0.999990749 -0.003938963 -0.001155888 0.011734733 0.003959137 0.999923327 0.911315880
0.999934682 0.002623032 -0.011124744 -0.006183106 -0.002674022 0.999985962 -0.004571070 -0.001055042 0.011112598 0.004600519 0.999927641 0.920175387
0.999923816 0.002348858 -0.012117562 -0.006247678 -0.002398843 0.999988661 -0.004112096 -0.001241729 0.012107767 0.004140851 0.999918145 0.926353454
0.999911390 0.002028114 -0.013157559 -0.006324348 -0.002069284 0.999992981 -0.003116149 -0.001330599 0.013151147 0.003143099 0.999908593 0.935495281
0.999895316 0.001891354 -0.014346472 -0.006175472 -0.001946532 0.999990757 -0.003833098 -0.001159952 0.014339089 0.003860623 0.999889743 0.941781658
0.999890548 0.002243816 -0.014625281 -0.006593876 -0.002276725 0.999994893 -0.002233898 -0.001557427 0.014620194 0.002266951 0.999890533 0.949967374
0.999883505 0.001827842 -0.015154793 -0.006662925 -0.001878735 0.999992615 -0.003344635 -0.001391737 0.015148568 0.003372717 0.999879592 0.956140648
0.999822589 0.002733771 -0.018635694 -0.006850482 -0.002794827 0.999990799 -0.003251029 -0.001378567 0.018626635 0.003302536 0.999821043 0.964425515
0.999672536 0.002918095 -0.025422619 -0.007140357 -0.002996375 0.999990890 -0.003041607 -0.001443557 0.025413510 0.003116786 0.999672157 0.971274843
0.999264303 0.002257216 -0.038284484 -0.007310491 -0.002393004 0.999991014 -0.003501354 -0.001423902 0.038276236 0.003590393 0.999260769 0.981431154
0.998907251 0.001948952 -0.046696340 -0.007497147 -0.002098827 0.999992817 -0.003160756 -0.001469987 0.046689845 0.003255310 0.998904152 0.988245929
0.998450437 0.003139257 -0.055559956 -0.007921603 -0.003254418 0.999992751 -0.001982384 -0.001754511 0.055553330 0.002160127 0.998453391 0.993318571
0.997891189 0.001682994 -0.064886704 -0.008324872 -0.001843693 0.999995409 -0.002416799 -0.001625140 0.064882336 0.002531334 0.997889724 0.999928114
0.997332502 0.001635365 -0.072974339 -0.008873204 -0.001821180 0.999995242 -0.002479834 -0.001730008 0.072969941 0.002606118 0.997330746 1.005915906
0.996441399 0.001932814 -0.084266464 -0.008932997 -0.002133338 0.999995094 -0.002289657 -0.001755971 0.084261623 0.002461278 0.996440603 1.011999848
0.995592977 0.001972057 -0.093759055 -0.009718477 -0.002196028 0.999994960 -0.002285681 -0.001803710 0.093754075 0.002481505 0.995592292 1.017763143
0.994543750 0.001606137 -0.104308047 -0.010376753 -0.001890702 0.999994757 -0.002629308 -0.001798815 0.104303275 0.002812178 0.994541538 1.023929581
0.993158699 0.000849244 -0.116769339 -0.011033647 -0.001183156 0.999995404 -0.002790301 -0.001778697 0.116766433 0.002909368 0.993155162 1.030370881
0.991419429 0.001225066 -0.130713466 -0.011864976 -0.001569391 0.999995541 -0.002531217 -0.001809157 0.130709785 0.002714638 0.991416983 1.037202378
0.989420196 0.001581249 -0.145069621 -0.012725691 -0.001938119 0.999995457 -0.002318699 -0.001868240 0.145065300 0.002575330 0.989418719 1.043848086
0.987019165 0.001738803 -0.160593054 -0.013805950 -0.002205054 0.999993851 -0.002725141 -0.001767150 0.160587326 0.003043882 0.987016970 1.050556541
